3 3
0 0
3 3
1 1
1 1
1000000 1000000
1000000 1000000
500000 500000
100 100
0 0
1 2
2 4
-10 -10
-10 -9
-10 -8
-10 -7
-10 -6
-10 -5
-10 -4
-10 -3
-10 -2
-10 -1
-10 0
-10 1
-10 2
-10 3
-10 4
-10 5
-10 6
-10 7
-10 8
-10 9
-10 10
-9 -10
-9 -9
-9 -8
-9 -7
-9 -6
-9 -5
-9 -4
-9 -3
-9 -2
-9 -1
-9 0
-9 1
-9 2
-9 3
-9 4
-9 5
-9 6
-9 7
-9 8
-9 9
-9 10
-8 -10
-8 -9
-8 -8
-8 -7
-8 -6
-8 -5
-8 -4
-8 -3
-8 -2
-8 -1
-8 0
-8 1
-8 2
-8 3
-8 4
-8 5
-8 6
-8 7
-8 8
-8 9
-8 10
-7 -10
-7 -9
-7 -8
-7 -7
-7 -6
-7 -5
-7 -4
-7 -3
-7 -2
-7 -1
-7 0
-7 1
-7 2
-7 3
-7 4
-7 5
-7 6
-7 7
-7 8
-7 9
-7 10
-6 -10
-6 -9
-6 -8
-6 -7
-6 -6
-6 -5
-6 -4
-6 -3
-6 -2
-6 -1
-6 0
-6 1
-6 2
-6 3
-6 4
-6 5
-6 6
-6 7
-6 8
-6 9
-6 10
-5 -10
-5 -9
-5 -8
-5 -7
-5 -6
-5 -5
-5 -4
-5 -3
-5 -2
-5 -1
-5 0
-5 1
-5 2
-5 3
-5 4
-5 5
-5 6
-5 7
-5 8
-5 9
-5 10
-4 -10
-4 -9
-4 -8
-4 -7
-4 -6
-4 -5
-4 -4
-4 -3
-4 -2
-4 -1
-4 0
-4 1
-4 2
-4 3
-4 4
-4 5
-4 6
-4 7
-4 8
-4 9
-4 10
-3 -10
-3 -9
-3 -8
-3 -7
-3 -6
-3 -5
-3 -4
-3 -3
-3 -2
-3 -1
-3 0
-3 1
-3 2
-3 3
-3 4
-3 5
-3 6
-3 7
-3 8
-3 9
-3 10
-2 -10
-2 -9
-2 -8
-2 -7
-2 -6
-2 -5
-2 -4
-2 -3
-2 -2
-2 -1
-2 0
-2 1
-2 2
-2 3
-2 4
-2 5
-2 6
-2 7
-2 8
-2 9
-2 10
-1 -10
-1 -9
-1 -8
-1 -7
-1 -6
-1 -5
-1 -4
-1 -3
-1 -2
-1 -1
-1 0
-1 1
-1 2
-1 3
-1 4
-1 5
-1 6
-1 7
-1 8
-1 9
-1 10
0 -10
0 -9
0 -8
0 -7
0 -6
0 -5
0 -4
0 -3
0 -2
0 -1
0 0
0 1
0 2
0 3
0 4
0 5
0 6
0 7
0 8
0 9
0 10
1 -10
1 -9
1 -8
1 -7
1 -6
1 -5
1 -4
1 -3
1 -2
1 -1
1 0
1 1
1 2
1 3
1 4
1 5
1 6
1 7
1 8
1 9
1 10
2 -10
2 -9
2 -8
2 -7
2 -6
2 -5
2 -4
2 -3
2 -2
2 -1
2 0
2 1
2 2
2 3
2 4
2 5
2 6
2 7
2 8
2 9
2 10
3 -10
3 -9
3 -8
3 -7
3 -6
3 -5
3 -4
3 -3
3 -2
3 -1
3 0
3 1
3 2
3 3
3 4
3 5
3 6
3 7
3 8
3 9
3 10
4 -10
4 -9
4 -8
4 -7
4 -6
4 -5
4 -4
4 -3
4 -2
4 -1
4 0
4 1
4 2
4 3
4 4
4 5
4 6
4 7
4 8
4 9
4 10
5 -10
5 -9
5 -8
5 -7
5 -6
5 -5
5 -4
5 -3
5 -2
5 -1
5 0
5 1
5 2
5 3
5 4
5 5
5 6
5 7
5 8
5 9
5 10
6 -10
6 -9
6 -8
6 -7
6 -6
6 -5
6 -4
6 -3
6 -2
6 -1
6 0
6 1
6 2
6 3
6 4
6 5
6 6
6 7
6 8
6 9
6 10
7 -10
7 -9
7 -8
7 -7
7 -6
7 -5
7 -4
7 -3
7 -2
7 -1
7 0
7 1
7 2
7 3
7 4
7 5
7 6
7 7
7 8
7 9
7 10
8 -10
8 -9
8 -8
8 -7
8 -6
8 -5
8 -4
8 -3
8 -2
8 -1
8 0
8 1
8 2
8 3
8 4
8 5
8 6
8 7
8 8
8 9
8 10
9 -10
9 -9
9 -8
9 -7
9 -6
9 -5
9 -4
9 -3
9 -2
9 -1
9 0
9 1
9 2
9 3
9 4
9 5
9 6
9 7
9 8
9 9
9 10
10 -10
10 -9
10 -8
10 -7
10 -6
10 -5
10 -4
10 -3
10 -2
10 -1
10 0
10 1
10 2
10 3
10 4
10 5
10 6
10 7
10 8
10 9
10 10
203898411 -665221262
34016996 -754092938
150755992 741160973
938340720 933158427
-952190450 -62948514
353851719 -30033743
-318422512 410999249
-973090148 -572037835
155381953 404891802
117410578 -308624270
430473668 -775813726
414916597 131719295
-73877173 663375828
212609705 -583397902
90389881 -723870018
-116635944 -853195355
-389091279 917381053
-607288293 761664713
511058378 -816431221
547339492 411384281
120620265 -246292437
-766133110 802197754
-982776835 -739223258
-917323729 172605118
665668544 200086849
863980848 -51341435
424273123 131413797
-919622140 -797087698
-352694022 145503917
-380485600 737695859
421633900 502878456
884500504 -967457379
272775861 -870271437
646723686 -363649408
-686702658 46579530
-952265127 433917608
800287093 -865881885
88631714 817510258
-605105142 171307985
-157368271 -939436598
-776088814 -440871071
-138261681 648184309
690542727 -205367469
851096611 -809634943
940136449 -676872637
928060916 214286701
826005819 665077773
99345674 -48701967
794806336 -401414288
587648625 -891896321
500 500 499
0 0 999
1000 1000 200
500 1000 300
200 700 200
700 700 200
100 500 200
900 500 200
500 1000 300
200 700 200
700 700 200
100 500 200
900 500 200
300 300 200
700 300 200
500 100 200
500 500 501
777 886 84
335 793 16
649 492 87
27 362 22
763 59 91
426 540 27
211 736 73
429 567 69
862 530 83
135 67 24
22 802 30
167 69 59
11 456 94
373 229 43
784 919 22
324 198 38
413 370 16
980 91 27
862 873 57
281 996 71
84 925 6
505 336 28
313 729 47
895 124 58
814 545 83
364 434 68
87 750 44
178 276 9
403 584 89
399 754 52
676 60 33
12 739 69
94 586 27
570 795 40
467 378 35
902 97 2
652 492 18
280 301 57
865 441 87
619 444 90
31 729 41
771 97 18
709 675 82
856 567 28
586 353 98
683 306 66
528 624 20
829 732 72
270 19 4
715 708 69
796 149 41
245 618 24
921 451 47
488 379 56
841 228 65
500 193 51
124 764 35
856 987 15
227 491 44
936 859 66
437 551 33
407 275 29
858 121 75
237 29 96
818 793 36
11 143 29
776 529 29
763 443 5
606 538 14
818 904 41
369 688 29
996 917 18
470 743 25
499 490 84
644 725 73
139 505 91
669 786 55
464 542 83
355 507 98
611 348 5
299 828 23
568 746 44
311 422 41
801 605 11
878 730 62
736 320 6
522 626 45
416 708 66
924 258 83
624 62 38
452 36 1
550 379 100
973 71 69
930 881 32
660 894 34
981 199 64
959 996 100
668 813 74
926 95 91
340 84 67
777 886 44
335 793 56
649 492 47
27 362 2
763 59 51
426 540 47
211 736 53
429 567 9
862 530 3
135 67 44
22 802 30
167 69 19
11 456 14
373 229 23
784 919 22
324 198 38
413 370 36
980 91 47
862 873 57
281 996 51
84 925 46
505 336 28
313 729 47
895 124 18
814 545 43
364 434 28
87 750 4
178 276 49
403 584 9
399 754 12
676 60 13
12 739 49
94 586 47
570 795 60
467 378 15
902 97 22
652 492 58
280 301 57
865 441 27
619 444 30
31 729 41
771 97 38
709 675 22
856 567 8
586 353 18
683 306 6
528 624 60
829 732 52
270 19 4
715 708 49
796 149 41
245 618 24
921 451 27
488 379 36
841 228 45
500 193 51
124 764 15
856 987 35
227 491 4
936 859 26
437 551 53
407 275 29
858 121 55
237 29 56
818 793 16
11 143 9
776 529 49
763 443 5
606 538 54
818 904 41
369 688 49
996 917 58
470 743 45
499 490 24
644 725 53
139 505 31
669 786 15
464 542 3
355 507 38
611 348 5
299 828 3
568 746 4
311 422 41
801 605 11
878 730 2
736 320 6
522 626 5
416 708 6
924 258 43
624 62 58
452 36 1
550 379 60
973 71 9
930 881 12
660 894 14
981 199 4
959 996 60
668 813 34
926 95 51
340 84 27
376 684 11
107 936 43
179 756 46
412 887 19
659 172 29
210 336 10
206 587 43
372 713 22
819 255 2
904 721 20
940 811 20
228 705 48
984 150 48
224 920 59
396 269 23
84 630 2
672 972 53
385 625 51
640 299 3
713 898 3
524 190 39
581 209 51
732 336 40
4 994 56
273 769 60
255 850 57
579 142 41
205 993 5
504 567 42
754 961 14
944 259 7
506 202 23
842 21 45
189 528 49
958 908 53
808 36 19
303 248 14
648 133 14
567 754 31
529 368 7
788 46 21
990 249 18
363 33 44
892 253 18
152 125 7
188 975 17
436 729 58
921 414 1
28 304 1
748 50 8
794 902 17
43 699 58
428 2 60
681 500 4
159 538 48
134 535 12
215 692 20
629 504 28
285 964 50
335 343 50
238 900 58
289 949 12
292 988 48
144 743 36
682 390 10
569 541 21
261 232 27
117 360 43
81 761 4
425 190 10
677 367 57
626 690 55
614 57 5
358 205 9
100 386 33
994 726 7
578 552 17
290 946 50
51 970 48
593 631 1
312 627 38
355 214 47
412 90 33
969 610 40
355 274 10
433 620 42
338 888 28
284 770 47
606 417 57
237 849 41
217 59 46
783 945 19
873 458 14
483 289 18
757 478 8
729 471 35
618 459 1
388 25 59
157 233 55
358 493 2
777 886 24
335 793 36
649 492 27
27 362 22
763 59 11
426 540 7
211 736 13
429 567 9
862 530 23
135 67 4
22 802 10
167 69 19
11 456 34
373 229 3
784 919 22
324 198 18
413 370 36
980 91 7
862 873 37
281 996 11
84 925 26
505 336 8
313 729 7
895 124 18
814 545 23
364 434 8
87 750 4
178 276 9
403 584 29
399 754 12
676 60 13
12 739 9
94 586 27
570 795 20
467 378 35
902 97 2
652 492 38
280 301 37
865 441 7
619 444 10
31 729 1
771 97 38
709 675 2
856 567 8
586 353 18
683 306 6
528 624 20
829 732 32
270 19 24
715 708 9
796 149 21
245 618 4
921 451 7
488 379 36
841 228 5
500 193 31
124 764 35
856 987 35
227 491 24
936 859 6
437 551 33
407 275 29
858 121 35
237 29 36
818 793 36
11 143 29
776 529 9
763 443 5
606 538 14
818 904 1
369 688 9
996 917 38
470 743 5
499 490 24
644 725 13
139 505 31
669 786 35
464 542 3
355 507 38
611 348 5
299 828 23
568 746 24
311 422 21
801 605 11
878 730 22
736 320 26
522 626 5
416 708 26
924 258 3
624 62 38
452 36 1
550 379 20
973 71 29
930 881 12
660 894 14
981 199 4
959 996 20
668 813 14
926 95 31
340 84 27
376 684 11
107 936 23
179 756 6
412 887 19
659 172 29
210 336 10
206 587 23
372 713 22
819 255 2
904 721 40
940 811 20
228 705 28
984 150 8
224 920 19
396 269 23
84 630 2
672 972 13
385 625 11
640 299 23
713 898 3
524 190 19
581 209 31
732 336 20
4 994 36
273 769 20
255 850 17
579 142 21
205 993 5
504 567 22
754 961 14
944 259 7
506 202 3
842 21 25
189 528 29
958 908 33
808 36 19
303 248 34
648 133 14
567 754 11
529 368 27
788 46 21
990 249 38
363 33 24
892 253 18
152 125 7
188 975 37
436 729 38
921 414 21
28 304 21
748 50 28
794 902 37
43 699 18
428 2 40
681 500 4
159 538 8
134 535 32
215 692 20
629 504 8
285 964 10
335 343 30
238 900 18
289 949 12
292 988 8
144 743 36
682 390 30
569 541 21
261 232 27
117 360 3
81 761 24
425 190 30
677 367 37
626 690 35
614 57 5
358 205 9
100 386 33
994 726 27
578 552 37
290 946 10
51 970 8
593 631 1
