64 271 1
186 526 9
541 376 27
122 78 28
765 226 20
23 404 10
532 358 18
187 408 29
294 230 17
372 51 30
644 492 23
522 780 7
898 949 24
976 328 17
202 387 30
958 138 7
668 458 20
428 146 12
658 174 1
62 414 5
554 656 30
334 315 16
635 160 18
964 546 18
703 55 14
842 33 18
300 683 29
446 216 9
621 937 10
387 303 10
43 42 2
710 777 16
870 386 23
417 893 18
824 728 22
858 766 8
893 466 30
109 186 30
46 335 28
702 495 11
96 716 8
874 492 4
260 306 4
506 403 25
234 817 14
352 934 30
818 893 20
5 504 3
692 913 5
187 944 3
256 361 25
748 526 2
54 50 8
809 796 30
626 311 26
912 2 1
157 552 23
661 346 24
927 250 11
871 553 23
584 557 11
111 10 19
513 337 19
661 277 25
324 74 24
326 754 23
878 139 5
225 342 15
827 902 28
380 154 5
290 946 16
300 994 1
990 142 14
619 696 29
693 412 10
448 754 6
587 360 2
929 124 3
183 902 10
337 606 27
636 534 28
630 46 20
125 669 20
173 157 12
585 658 11
339 483 5
52 986 15
176 368 4
430 327 3
37 466 28
571 633 5
617 794 3
638 255 26
147 707 1
157 777 4
992 893 30
978 457 1
347 960 13
26 744 12
492 711 2
477 368 19
271 660 2
879 287 11
586 687 21
363 613 30
609 124 17
66 974 9
27 229 30
771 660 29
835 873 15
203 124 30
215 945 9
503 88 3
542 868 22
155 500 18
631 936 23
958 717 12
187 476 29
199 934 8
72 770 11
